0 0 7 0.001 0 0 7 0
1 0.001 8.9999 0.001 0 0 7 0
2 0.002 9.66647 0.001 0 0 8.89626 0.146567
3 0.003 9.88859 0.001 0 0 9.59379 0.102774
4 0.004 9.96256 0.001 0 0 9.85034 0.0540938
5 0.005 9.98715 0.001 0 0 9.94465 0.0253284
6 0.006 9.99528 0.001 0 0 9.97929 0.0111273
7 0.007 9.99793 0.001 0 0 9.99196 0.00469665
8 0.008 9.99874 0.001 0 0 9.99656 0.00192885
9 0.009 9.99895 0.001 0 0 9.99819 0.000776602
10 0.01 9.99895 0.001 0 0 9.99873 0.000308035
11 0.011 9.99888 0.001 0 0 9.99886 0.000120766
12 0.012 9.99879 0.001 0 0 9.99885 4.69095e-05
13 0.013 9.9987 0.001 0 0 9.99878 1.80844e-05
14 0.014 9.9986 0.001 0 0 9.99869 6.92867e-06
15 0.015 9.9985 0.001 0 0 9.9986 2.64085e-06
16 0.016 9.9984 0.001 0 0 9.9985 1.00216e-06
17 0.017 9.9983 0.001 0 0 9.9984 3.78887e-07
18 0.018 9.9982 0.001 0 0 9.9983 1.4279e-07
19 0.019 9.9981 0.001 0 0 9.9982 5.36643e-08
20 0.02 9.998 0.001 0 0 9.9981 2.01203e-08
21 0.021 9.9979 0.001 0 0 9.998 7.52796e-09
22 0.022 9.9978 0.001 0 0 9.9979 2.81142e-09
23 0.023 9.9977 0.001 0 0 9.9978 1.04827e-09
24 0.024 9.9976 0.001 0 0 9.9977 3.9031e-10
25 0.025 9.9975 0.001 0 0 9.9976 1.45143e-10
26 0.026 9.9974 0.001 0 0 9.9975 5.39145e-11
27 0.027 9.9973 0.001 0 0 9.9974 2.00055e-11
28 0.028 9.9972 0.001 0 0 9.9973 7.41842e-12
29 0.029 9.9971 0.001 0 0 9.9972 2.74967e-12
30 0.03 9.997 0.001 0 0 9.9971 1.01902e-12
31 0.031 9.9969 0.001 0 0 9.997 3.77834e-13
32 0.032 9.9968 0.001 0 0 9.9969 1.42917e-13
33 0.033 9.9967 0.001 0 0 9.9968 5.85929e-14
34 0.034 9.9966 0.001 0 0 9.9967 3.62307e-14
35 0.035 9.9965 0.001 0 0 9.9966 3.35162e-14
36 0.036 9.9964 0.001 0 0 9.9965 3.27544e-14
37 0.037 9.9963 0.001 0 0 9.9964 3.26579e-14
38 0.038 9.9962 0.001 0 0 9.9963 3.51701e-14
39 0.039 9.9961 0.001 0 0 9.9962 3.51701e-14
40 0.04 9.996 0.001 0 0 9.9961 3.51701e-14
41 0.041 9.9959 0.001 0 0 9.996 3.76822e-14
42 0.042 9.9958 0.001 0 0 9.9959 3.76822e-14
43 0.043 9.9957 0.001 0 0 9.9958 4.01944e-14
44 0.044 9.9956 0.001 0 0 9.9957 4.01944e-14
45 0.045 9.9955 0.001 0 0 9.9956 4.01944e-14
46 0.046 9.9954 0.001 0 0 9.9955 4.27065e-14
47 0.047 9.9953 0.001 0 0 9.9954 4.27065e-14
48 0.048 9.9952 0.001 0 0 9.9953 4.27065e-14
49 0.049 9.9951 0.001 0 0 9.9952 4.52187e-14
50 0.05 9.995 0.001 0 0 9.9951 4.52187e-14
51 0.051 9.9949 0.001 0 0 9.995 4.77308e-14
52 0.052 9.9948 0.001 0 0 9.9949 4.77308e-14
53 0.053 9.9947 0.001 0 0 9.9948 4.77308e-14
54 0.054 9.9946 0.001 0 0 9.9947 4.77308e-14
55 0.055 9.9945 0.001 0 0 9.9946 4.77308e-14
56 0.056 9.9944 0.001 0 0 9.9945 5.0243e-14
57 0.057 9.9943 0.001 0 0 9.9944 5.0243e-14
58 0.058 9.9942 0.001 0 0 9.9943 5.0243e-14
59 0.059 9.9941 0.001 0 0 9.9942 5.27551e-14
60 0.06 9.994 0.001 0 0 9.9941 5.52673e-14
61 0.061 9.9939 0.001 0 0 9.994 5.52673e-14
62 0.062 9.9938 0.001 0 0 9.9939 5.52673e-14
63 0.063 9.9937 0.001 0 0 9.9938 5.77794e-14
64 0.064 9.9936 0.001 0 0 9.9937 5.77794e-14
65 0.065 9.9935 0.001 0 0 9.9936 5.77794e-14
66 0.066 9.9934 0.001 0 0 9.9935 5.77794e-14
67 0.067 9.9933 0.001 0 0 9.9934 5.77794e-14
68 0.068 9.9932 0.001 0 0 9.9933 6.02916e-14
69 0.069 9.9931 0.001 0 0 9.9932 6.28037e-14
70 0.07 9.993 0.001 0 0 9.9931 6.53158e-14
71 0.071 9.9929 0.001 0 0 9.993 6.53158e-14
72 0.072 9.9928 0.001 0 0 9.9929 6.7828e-14
73 0.073 9.9927 0.001 0 0 9.9928 7.03401e-14
74 0.074 9.9926 0.001 0 0 9.9927 7.28523e-14
75 0.075 9.9925 0.001 0 0 9.9926 7.28523e-14
76 0.076 9.9924 0.001 0 0 9.9925 7.28523e-14
77 0.077 9.9923 0.001 0 0 9.9924 7.28523e-14
78 0.078 9.9922 0.001 0 0 9.9923 7.53644e-14
79 0.079 9.9921 0.001 0 0 9.9922 7.78766e-14
80 0.08 9.992 0.001 0 0 9.9921 7.78766e-14
81 0.081 9.9919 0.001 0 0 9.992 7.78766e-14
82 0.082 9.9918 0.001 0 0 9.9919 8.03887e-14
83 0.083 9.9917 0.001 0 0 9.9918 8.29009e-14
84 0.084 9.9916 0.001 0 0 9.9917 8.29009e-14
85 0.085 9.9915 0.001 0 0 9.9916 8.29009e-14
86 0.086 9.9914 0.001 0 0 9.9915 8.29009e-14
87 0.087 9.9913 0.001 0 0 9.9914 8.29009e-14
88 0.088 9.9912 0.001 0 0 9.9913 8.5413e-14
89 0.089 9.9911 0.001 0 0 9.9912 8.5413e-14
90 0.09 9.991 0.001 0 0 9.9911 8.5413e-14
91 0.091 9.9909 0.001 0 0 9.991 8.5413e-14
92 0.092 9.9908 0.001 0 0 9.9909 8.79252e-14
93 0.093 9.9907 0.001 0 0 9.9908 9.04373e-14
94 0.094 9.9906 0.001 0 0 9.9907 9.29495e-14
95 0.095 9.9905 0.001 0 0 9.9906 9.54616e-14
96 0.096 9.9904 0.001 0 0 9.9905 9.54616e-14
97 0.097 9.9903 0.001 0 0 9.9904 9.54616e-14
98 0.098 9.9902 0.001 0 0 9.9903 9.79738e-14
99 0.099 9.9901 0.001 0 0 9.9902 1.00486e-13
100 0.1 9.99 0.001 0 0 9.9901 1.00486e-13
101 0.101 9.98991 0.001 0 0 9.99 1.02998e-13
102 0.102 9.98981 0.001 0 0 9.98991 1.00486e-13
103 0.103 9.98971 0.001 0 0 9.98981 1.02998e-13
104 0.104 9.98961 0.001 0 0 9.98971 1.02998e-13
105 0.105 9.98951 0.001 0 0 9.98961 1.08022e-13
106 0.106 9.98941 0.001 0 0 9.98951 1.08022e-13
107 0.107 9.98931 0.001 0 0 9.98941 1.10535e-13
108 0.108 9.98921 0.001 0 0 9.98931 1.10535e-13
109 0.109 9.98911 0.001 0 0 9.98921 1.10535e-13
110 0.11 9.98901 0.001 0 0 9.98911 1.13047e-13
111 0.111 9.98891 0.001 0 0 9.98901 1.13047e-13
112 0.112 9.98881 0.001 0 0 9.98891 1.15559e-13
113 0.113 9.98871 0.001 0 0 9.98881 1.15559e-13
114 0.114 9.98861 0.001 0 0 9.98871 1.18071e-13
115 0.115 9.98851 0.001 0 0 9.98861 1.18071e-13
116 0.116 9.98841 0.001 0 0 9.98851 1.18071e-13
117 0.117 9.98831 0.001 0 0 9.98841 1.20583e-13
118 0.118 9.98821 0.001 0 0 9.98831 1.20583e-13
119 0.119 9.98811 0.001 0 0 9.98821 1.20583e-13
120 0.12 9.98801 0.001 0 0 9.98811 1.20583e-13
121 0.121 9.98791 0.001 0 0 9.98801 1.23095e-13
122 0.122 9.98781 0.001 0 0 9.98791 1.25607e-13
123 0.123 9.98771 0.001 0 0 9.98781 1.25607e-13
124 0.124 9.98761 0.001 0 0 9.98771 1.25607e-13
125 0.125 9.98751 0.001 0 0 9.98761 1.25607e-13
126 0.126 9.98741 0.001 0 0 9.98751 1.2812e-13
127 0.127 9.98731 0.001 0 0 9.98741 1.2812e-13
128 0.128 9.98721 0.001 0 0 9.98731 1.30632e-13
129 0.129 9.98711 0.001 0 0 9.98721 1.30632e-13
130 0.13 9.98701 0.001 0 0 9.98711 1.33144e-13
131 0.131 9.98691 0.001 0 0 9.98701 1.33144e-13
132 0.132 9.98681 0.001 0 0 9.98691 1.35656e-13
133 0.133 9.98671 0.001 0 0 9.98681 1.35656e-13
134 0.134 9.98661 0.001 0 0 9.98671 1.35656e-13
135 0.135 9.98651 0.001 0 0 9.98661 1.38168e-13
136 0.136 9.98641 0.001 0 0 9.98651 1.38168e-13
137 0.137 9.98631 0.001 0 0 9.98641 1.38168e-13
138 0.138 9.98621 0.001 0 0 9.98631 1.4068e-13
139 0.139 9.98611 0.001 0 0 9.98621 1.4068e-13
140 0.14 9.98601 0.001 0 0 9.98611 1.43192e-13
141 0.141 9.98591 0.001 0 0 9.98601 1.43192e-13
142 0.142 9.98581 0.001 0 0 9.98591 1.43192e-13
143 0.143 9.98571 0.001 0 0 9.98581 1.43192e-13
144 0.144 9.98561 0.001 0 0 9.98571 1.45705e-13
145 0.145 9.98551 0.001 0 0 9.98561 1.43192e-13
146 0.146 9.98541 0.001 0 0 9.98551 1.45705e-13
147 0.147 9.98531 0.001 0 0 9.98541 1.45705e-13
148 0.148 9.98521 0.001 0 0 9.98531 1.48217e-13
149 0.149 9.98511 0.001 0 0 9.98521 1.48217e-13
150 0.15 9.98501 0.001 0 0 9.98511 1.48217e-13
151 0.151 9.98491 0.001 0 0 9.98501 1.50729e-13
152 0.152 9.98481 0.001 0 0 9.98491 1.50729e-13
153 0.153 9.98471 0.001 0 0 9.98481 1.53241e-13
154 0.154 9.98461 0.001 0 0 9.98471 1.53241e-13
155 0.155 9.98451 0.001 0 0 9.98461 1.55753e-13
156 0.156 9.98441 0.001 0 0 9.98451 1.55753e-13
157 0.157 9.98431 0.001 0 0 9.98441 1.55753e-13
158 0.158 9.98421 0.001 0 0 9.98431 1.58265e-13
159 0.159 9.98411 0.001 0 0 9.98421 1.58265e-13
160 0.16 9.98401 0.001 0 0 9.98411 1.60777e-13
161 0.161 9.98391 0.001 0 0 9.98401 1.6329e-13
162 0.162 9.98381 0.001 0 0 9.98391 1.6329e-13
163 0.163 9.98371 0.001 0 0 9.98381 1.6329e-13
164 0.164 9.98361 0.001 0 0 9.98371 1.65802e-13
165 0.165 9.98351 0.001 0 0 9.98361 1.65802e-13
166 0.166 9.98341 0.001 0 0 9.98351 1.65802e-13
167 0.167 9.98331 0.001 0 0 9.98341 1.68314e-13
168 0.168 9.98321 0.001 0 0 9.98331 1.68314e-13
169 0.169 9.98311 0.001 0 0 9.98321 1.70826e-13
170 0.17 9.98301 0.001 0 0 9.98311 1.70826e-13
171 0.171 9.98291 0.001 0 0 9.98301 1.70826e-13
172 0.172 9.98281 0.001 0 0 9.98291 1.73338e-13
173 0.173 9.98271 0.001 0 0 9.98281 1.7585e-13
174 0.174 9.98262 0.001 0 0 9.98271 1.7585e-13
175 0.175 9.98252 0.001 0 0 9.98262 1.7585e-13
176 0.176 9.98242 0.001 0 0 9.98252 1.78363e-13
177 0.177 9.98232 0.001 0 0 9.98242 1.78363e-13
178 0.178 9.98222 0.001 0 0 9.98232 1.80875e-13
179 0.179 9.98212 0.001 0 0 9.98222 1.83387e-13
180 0.18 9.98202 0.001 0 0 9.98212 1.83387e-13
181 0.181 9.98192 0.001 0 0 9.98202 1.85899e-13
182 0.182 9.98182 0.001 0 0 9.98192 1.85899e-13
183 0.183 9.98172 0.001 0 0 9.98182 1.85899e-13
184 0.184 9.98162 0.001 0 0 9.98172 1.85899e-13
185 0.185 9.98152 0.001 0 0 9.98162 1.88411e-13
186 0.186 9.98142 0.001 0 0 9.98152 1.88411e-13
187 0.187 9.98132 0.001 0 0 9.98142 1.88411e-13
188 0.188 9.98122 0.001 0 0 9.98132 1.88411e-13
189 0.189 9.98112 0.001 0 0 9.98122 1.90923e-13
190 0.19 9.98102 0.001 0 0 9.98112 1.90923e-13
191 0.191 9.98092 0.001 0 0 9.98102 1.93435e-13
192 0.192 9.98082 0.001 0 0 9.98092 1.93435e-13
193 0.193 9.98072 0.001 0 0 9.98082 1.95948e-13
194 0.194 9.98062 0.001 0 0 9.98072 1.9846e-13
195 0.195 9.98052 0.001 0 0 9.98062 1.95948e-13
196 0.196 9.98042 0.001 0 0 9.98052 1.95948e-13
197 0.197 9.98032 0.001 0 0 9.98042 1.95948e-13
198 0.198 9.98022 0.001 0 0 9.98032 1.9846e-13
199 0.199 9.98012 0.001 0 0 9.98022 1.9846e-13
200 0.2 9.98002 0.001 0 0 9.98012 1.9846e-13
201 0.201 9.97992 0.001 0 0 9.98002 1.9846e-13
202 0.202 9.97982 0.001 0 0 9.97992 1.9846e-13
203 0.203 9.97972 0.001 0 0 9.97982 2.00972e-13
204 0.204 9.97962 0.001 0 0 9.97972 2.00972e-13
205 0.205 9.97952 0.001 0 0 9.97962 2.00972e-13
206 0.206 9.97942 0.001 0 0 9.97952 2.03484e-13
207 0.207 9.97932 0.001 0 0 9.97942 2.03484e-13
208 0.208 9.97922 0.001 0 0 9.97932 2.03484e-13
209 0.209 9.97912 0.001 0 0 9.97922 2.03484e-13
210 0.21 9.97902 0.001 0 0 9.97912 2.05996e-13
211 0.211 9.97892 0.001 0 0 9.97902 2.03484e-13
212 0.212 9.97882 0.001 0 0 9.97892 2.08508e-13
213 0.213 9.97872 0.001 0 0 9.97882 2.08508e-13
214 0.214 9.97862 0.001 0 0 9.97872 2.08508e-13
215 0.215 9.97852 0.001 0 0 9.97862 2.08508e-13
216 0.216 9.97842 0.001 0 0 9.97852 2.13533e-13
217 0.217 9.97832 0.001 0 0 9.97842 2.13533e-13
218 0.218 9.97822 0.001 0 0 9.97832 2.13533e-13
219 0.219 9.97812 0.001 0 0 9.97822 2.16045e-13
220 0.22 9.97802 0.001 0 0 9.97812 2.18557e-13
221 0.221 9.97792 0.001 0 0 9.97802 2.18557e-13
222 0.222 9.97782 0.001 0 0 9.97792 2.18557e-13
223 0.223 9.97772 0.001 0 0 9.97782 2.18557e-13
224 0.224 9.97763 0.001 0 0 9.97772 2.21069e-13
225 0.225 9.97753 0.001 0 0 9.97763 2.21069e-13
226 0.226 9.97743 0.001 0 0 9.97753 2.21069e-13
227 0.227 9.97733 0.001 0 0 9.97743 2.23581e-13
228 0.228 9.97723 0.001 0 0 9.97733 2.23581e-13
229 0.229 9.97713 0.001 0 0 9.97723 2.26093e-13
230 0.23 9.97703 0.001 0 0 9.97713 2.26093e-13
231 0.231 9.97693 0.001 0 0 9.97703 2.28605e-13
232 0.232 9.97683 0.001 0 0 9.97693 2.31118e-13
233 0.233 9.97673 0.001 0 0 9.97683 2.31118e-13
234 0.234 9.97663 0.001 0 0 9.97673 2.28605e-13
235 0.235 9.97653 0.001 0 0 9.97663 2.31118e-13
236 0.236 9.97643 0.001 0 0 9.97653 2.3363e-13
237 0.237 9.97633 0.001 0 0 9.97643 2.36142e-13
238 0.238 9.97623 0.001 0 0 9.97633 2.36142e-13
239 0.239 9.97613 0.001 0 0 9.97623 2.38654e-13
240 0.24 9.97603 0.001 0 0 9.97613 2.38654e-13
241 0.241 9.97593 0.001 0 0 9.97603 2.41166e-13
242 0.242 9.97583 0.001 0 0 9.97593 2.38654e-13
243 0.243 9.97573 0.001 0 0 9.97583 2.43678e-13
244 0.244 9.97563 0.001 0 0 9.97573 2.43678e-13
245 0.245 9.97553 0.001 0 0 9.97563 2.43678e-13
246 0.246 9.97543 0.001 0 0 9.97553 2.4619e-13
247 0.247 9.97533 0.001 0 0 9.97543 2.48703e-13
248 0.248 9.97523 0.001 0 0 9.97533 2.51215e-13
249 0.249 9.97513 0.001 0 0 9.97523 2.51215e-13
250 0.25 9.97503 0.001 0 0 9.97513 2.53727e-13
251 0.251 9.97493 0.001 0 0 9.97503 2.53727e-13
252 0.252 9.97483 0.001 0 0 9.97493 2.56239e-13
253 0.253 9.97473 0.001 0 0 9.97483 2.58751e-13
254 0.254 9.97463 0.001 0 0 9.97473 2.56239e-13
255 0.255 9.97453 0.001 0 0 9.97463 2.58751e-13
256 0.256 9.97443 0.001 0 0 9.97453 2.58751e-13
257 0.257 9.97433 0.001 0 0 9.97443 2.61263e-13
258 0.258 9.97423 0.001 0 0 9.97433 2.61263e-13
259 0.259 9.97413 0.001 0 0 9.97423 2.61263e-13
260 0.26 9.97403 0.001 0 0 9.97413 2.63776e-13
261 0.261 9.97393 0.001 0 0 9.97403 2.63776e-13
262 0.262 9.97383 0.001 0 0 9.97393 2.66288e-13
263 0.263 9.97373 0.001 0 0 9.97383 2.688e-13
264 0.264 9.97363 0.001 0 0 9.97373 2.688e-13
265 0.265 9.97354 0.001 0 0 9.97363 2.71312e-13
266 0.266 9.97344 0.001 0 0 9.97354 2.71312e-13
267 0.267 9.97334 0.001 0 0 9.97344 2.71312e-13
268 0.268 9.97324 0.001 0 0 9.97334 2.71312e-13
269 0.269 9.97314 0.001 0 0 9.97324 2.73824e-13
270 0.27 9.97304 0.001 0 0 9.97314 2.73824e-13
271 0.271 9.97294 0.001 0 0 9.97304 2.73824e-13
272 0.272 9.97284 0.001 0 0 9.97294 2.76336e-13
273 0.273 9.97274 0.001 0 0 9.97284 2.76336e-13
274 0.274 9.97264 0.001 0 0 9.97274 2.78848e-13
275 0.275 9.97254 0.001 0 0 9.97264 2.81361e-13
276 0.276 9.97244 0.001 0 0 9.97254 2.81361e-13
277 0.277 9.97234 0.001 0 0 9.97244 2.81361e-13
278 0.278 9.97224 0.001 0 0 9.97234 2.86385e-13
279 0.279 9.97214 0.001 0 0 9.97224 2.86385e-13
280 0.28 9.97204 0.001 0 0 9.97214 2.88897e-13
281 0.281 9.97194 0.001 0 0 9.97204 2.88897e-13
282 0.282 9.97184 0.001 0 0 9.97194 2.91409e-13
283 0.283 9.97174 0.001 0 0 9.97184 2.93921e-13
284 0.284 9.97164 0.001 0 0 9.97174 2.93921e-13
285 0.285 9.97154 0.001 0 0 9.97164 2.93921e-13
286 0.286 9.97144 0.001 0 0 9.97154 2.96433e-13
287 0.287 9.97134 0.001 0 0 9.97144 2.96433e-13
288 0.288 9.97124 0.001 0 0 9.97134 2.98946e-13
289 0.289 9.97114 0.001 0 0 9.97124 2.98946e-13
290 0.29 9.97104 0.001 0 0 9.97114 3.01458e-13
291 0.291 9.97094 0.001 0 0 9.97104 2.98946e-13
292 0.292 9.97084 0.001 0 0 9.97094 3.01458e-13
293 0.293 9.97074 0.001 0 0 9.97084 3.0397e-13
294 0.294 9.97064 0.001 0 0 9.97074 3.0397e-13
295 0.295 9.97054 0.001 0 0 9.97064 3.0397e-13
296 0.296 9.97044 0.001 0 0 9.97054 3.0397e-13
297 0.297 9.97034 0.001 0 0 9.97044 3.08994e-13
298 0.298 9.97024 0.001 0 0 9.97034 3.08994e-13
299 0.299 9.97014 0.001 0 0 9.97024 3.11506e-13
300 0.3 9.97004 0.001 0 0 9.97014 3.11506e-13
301 0.301 9.96995 0.001 0 0 9.97004 3.14018e-13
302 0.302 9.96985 0.001 0 0 9.96995 3.14018e-13
303 0.303 9.96975 0.001 0 0 9.96985 3.16531e-13
304 0.304 9.96965 0.001 0 0 9.96975 3.16531e-13
305 0.305 9.96955 0.001 0 0 9.96965 3.19043e-13
306 0.306 9.96945 0.001 0 0 9.96955 3.21555e-13
307 0.307 9.96935 0.001 0 0 9.96945 3.24067e-13
308 0.308 9.96925 0.001 0 0 9.96935 3.24067e-13
309 0.309 9.96915 0.001 0 0 9.96925 3.26579e-13
310 0.31 9.96905 0.001 0 0 9.96915 3.26579e-13
311 0.311 9.96895 0.001 0 0 9.96905 3.29091e-13
312 0.312 9.96885 0.001 0 0 9.96895 3.31604e-13
313 0.313 9.96875 0.001 0 0 9.96885 3.31604e-13
314 0.314 9.96865 0.001 0 0 9.96875 3.31604e-13
315 0.315 9.96855 0.001 0 0 9.96865 3.34116e-13
316 0.316 9.96845 0.001 0 0 9.96855 3.34116e-13
317 0.317 9.96835 0.001 0 0 9.96845 3.34116e-13
318 0.318 9.96825 0.001 0 0 9.96835 3.36628e-13
319 0.319 9.96815 0.001 0 0 9.96825 3.3914e-13
320 0.32 9.96805 0.001 0 0 9.96815 3.36628e-13
321 0.321 9.96795 0.001 0 0 9.96805 3.36628e-13
322 0.322 9.96785 0.001 0 0 9.96795 3.3914e-13
323 0.323 9.96775 0.001 0 0 9.96785 3.3914e-13
324 0.324 9.96765 0.001 0 0 9.96775 3.41652e-13
325 0.325 9.96755 0.001 0 0 9.96765 3.41652e-13
326 0.326 9.96745 0.001 0 0 9.96755 3.44164e-13
327 0.327 9.96735 0.001 0 0 9.96745 3.44164e-13
328 0.328 9.96725 0.001 0 0 9.96735 3.44164e-13
329 0.329 9.96715 0.001 0 0 9.96725 3.46676e-13
330 0.33 9.96705 0.001 0 0 9.96715 3.49189e-13
331 0.331 9.96695 0.001 0 0 9.96705 3.49189e-13
332 0.332 9.96686 0.001 0 0 9.96695 3.51701e-13
333 0.333 9.96676 0.001 0 0 9.96686 3.51701e-13
334 0.334 9.96666 0.001 0 0 9.96676 3.54213e-13
335 0.335 9.96656 0.001 0 0 9.96666 3.54213e-13
336 0.336 9.96646 0.001 0 0 9.96656 3.54213e-13
337 0.337 9.96636 0.001 0 0 9.96646 3.54213e-13
338 0.338 9.96626 0.001 0 0 9.96636 3.56725e-13
339 0.339 9.96616 0.001 0 0 9.96626 3.59237e-13
340 0.34 9.96606 0.001 0 0 9.96616 3.61749e-13
341 0.341 9.96596 0.001 0 0 9.96606 3.59237e-13
342 0.342 9.96586 0.001 0 0 9.96596 3.59237e-13
343 0.343 9.96576 0.001 0 0 9.96586 3.61749e-13
344 0.344 9.96566 0.001 0 0 9.96576 3.61749e-13
345 0.345 9.96556 0.001 0 0 9.96566 3.64261e-13
346 0.346 9.96546 0.001 0 0 9.96556 3.64261e-13
347 0.347 9.96536 0.001 0 0 9.96546 3.66774e-13
348 0.348 9.96526 0.001 0 0 9.96536 3.66774e-13
349 0.349 9.96516 0.001 0 0 9.96526 3.69286e-13
350 0.35 9.96506 0.001 0 0 9.96516 3.69286e-13
351 0.351 9.96496 0.001 0 0 9.96506 3.69286e-13
352 0.352 9.96486 0.001 0 0 9.96496 3.71798e-13
353 0.353 9.96476 0.001 0 0 9.96486 3.71798e-13
354 0.354 9.96466 0.001 0 0 9.96476 3.7431e-13
355 0.355 9.96456 0.001 0 0 9.96466 3.7431e-13
356 0.356 9.96446 0.001 0 0 9.96456 3.76822e-13
357 0.357 9.96436 0.001 0 0 9.96446 3.76822e-13
358 0.358 9.96426 0.001 0 0 9.96436 3.76822e-13
359 0.359 9.96416 0.001 0 0 9.96426 3.79334e-13
360 0.36 9.96406 0.001 0 0 9.96416 3.76822e-13
361 0.361 9.96397 0.001 0 0 9.96406 3.79334e-13
362 0.362 9.96387 0.001 0 0 9.96397 3.79334e-13
363 0.363 9.96377 0.001 0 0 9.96387 3.84359e-13
364 0.364 9.96367 0.001 0 0 9.96377 3.84359e-13
365 0.365 9.96357 0.001 0 0 9.96367 3.86871e-13
366 0.366 9.96347 0.001 0 0 9.96357 3.86871e-13
367 0.367 9.96337 0.001 0 0 9.96347 3.86871e-13
368 0.368 9.96327 0.001 0 0 9.96337 3.89383e-13
369 0.369 9.96317 0.001 0 0 9.96327 3.89383e-13
370 0.37 9.96307 0.001 0 0 9.96317 3.89383e-13
371 0.371 9.96297 0.001 0 0 9.96307 3.91895e-13
372 0.372 9.96287 0.001 0 0 9.96297 3.94407e-13
373 0.373 9.96277 0.001 0 0 9.96287 3.94407e-13
374 0.374 9.96267 0.001 0 0 9.96277 3.96919e-13
375 0.375 9.96257 0.001 0 0 9.96267 3.96919e-13
376 0.376 9.96247 0.001 0 0 9.96257 3.96919e-13
377 0.377 9.96237 0.001 0 0 9.96247 3.99432e-13
378 0.378 9.96227 0.001 0 0 9.96237 4.01944e-13
379 0.379 9.96217 0.001 0 0 9.96227 4.01944e-13
380 0.38 9.96207 0.001 0 0 9.96217 4.01944e-13
381 0.381 9.96197 0.001 0 0 9.96207 4.04456e-13
382 0.382 9.96187 0.001 0 0 9.96197 4.04456e-13
383 0.383 9.96177 0.001 0 0 9.96187 4.04456e-13
384 0.384 9.96167 0.001 0 0 9.96177 4.06968e-13
385 0.385 9.96157 0.001 0 0 9.96167 4.0948e-13
386 0.386 9.96147 0.001 0 0 9.96157 4.0948e-13
387 0.387 9.96137 0.001 0 0 9.96147 4.0948e-13
388 0.388 9.96128 0.001 0 0 9.96137 4.0948e-13
389 0.389 9.96118 0.001 0 0 9.96128 4.0948e-13
390 0.39 9.96108 0.001 0 0 9.96118 4.11992e-13
391 0.391 9.96098 0.001 0 0 9.96108 4.11992e-13
392 0.392 9.96088 0.001 0 0 9.96098 4.11992e-13
393 0.393 9.96078 0.001 0 0 9.96088 4.14504e-13
394 0.394 9.96068 0.001 0 0 9.96078 4.17017e-13
395 0.395 9.96058 0.001 0 0 9.96068 4.17017e-13
396 0.396 9.96048 0.001 0 0 9.96058 4.19529e-13
397 0.397 9.96038 0.001 0 0 9.96048 4.19529e-13
398 0.398 9.96028 0.001 0 0 9.96038 4.19529e-13
399 0.399 9.96018 0.001 0 0 9.96028 4.22041e-13
400 0.4 9.96008 0.001 0 0 9.96018 4.22041e-13
401 0.401 9.95998 0.001 0 0 9.96008 4.24553e-13
402 0.402 9.95988 0.001 0 0 9.95998 4.27065e-13
403 0.403 9.95978 0.001 0 0 9.95988 4.27065e-13
404 0.404 9.95968 0.001 0 0 9.95978 4.29577e-13
405 0.405 9.95958 0.001 0 0 9.95968 4.29577e-13
406 0.406 9.95948 0.001 0 0 9.95958 4.29577e-13
407 0.407 9.95938 0.001 0 0 9.95948 4.32089e-13
408 0.408 9.95928 0.001 0 0 9.95938 4.32089e-13
409 0.409 9.95918 0.001 0 0 9.95928 4.34602e-13
410 0.41 9.95908 0.001 0 0 9.95918 4.37114e-13
411 0.411 9.95898 0.001 0 0 9.95908 4.37114e-13
412 0.412 9.95888 0.001 0 0 9.95898 4.39626e-13
413 0.413 9.95879 0.001 0 0 9.95888 4.39626e-13
414 0.414 9.95869 0.001 0 0 9.95879 4.39626e-13
415 0.415 9.95859 0.001 0 0 9.95869 4.42138e-13
416 0.416 9.95849 0.001 0 0 9.95859 4.4465e-13
417 0.417 9.95839 0.001 0 0 9.95849 4.4465e-13
418 0.418 9.95829 0.001 0 0 9.95839 4.47162e-13
419 0.419 9.95819 0.001 0 0 9.95829 4.49674e-13
420 0.42 9.95809 0.001 0 0 9.95819 4.49674e-13
421 0.421 9.95799 0.001 0 0 9.95809 4.52187e-13
422 0.422 9.95789 0.001 0 0 9.95799 4.52187e-13
423 0.423 9.95779 0.001 0 0 9.95789 4.52187e-13
424 0.424 9.95769 0.001 0 0 9.95779 4.54699e-13
425 0.425 9.95759 0.001 0 0 9.95769 4.54699e-13
426 0.426 9.95749 0.001 0 0 9.95759 4.54699e-13
427 0.427 9.95739 0.001 0 0 9.95749 4.54699e-13
428 0.428 9.95729 0.001 0 0 9.95739 4.57211e-13
429 0.429 9.95719 0.001 0 0 9.95729 4.57211e-13
430 0.43 9.95709 0.001 0 0 9.95719 4.57211e-13
431 0.431 9.95699 0.001 0 0 9.95709 4.59723e-13
432 0.432 9.95689 0.001 0 0 9.95699 4.62235e-13
433 0.433 9.95679 0.001 0 0 9.95689 4.64747e-13
434 0.434 9.95669 0.001 0 0 9.95679 4.64747e-13
435 0.435 9.95659 0.001 0 0 9.95669 4.6726e-13
436 0.436 9.95649 0.001 0 0 9.95659 4.6726e-13
437 0.437 9.9564 0.001 0 0 9.95649 4.69772e-13
438 0.438 9.9563 0.001 0 0 9.9564 4.69772e-13
439 0.439 9.9562 0.001 0 0 9.9563 4.69772e-13
440 0.44 9.9561 0.001 0 0 9.9562 4.69772e-13
441 0.441 9.956 0.001 0 0 9.9561 4.69772e-13
442 0.442 9.9559 0.001 0 0 9.956 4.69772e-13
443 0.443 9.9558 0.001 0 0 9.9559 4.72284e-13
444 0.444 9.9557 0.001 0 0 9.9558 4.72284e-13
445 0.445 9.9556 0.001 0 0 9.9557 4.72284e-13
446 0.446 9.9555 0.001 0 0 9.9556 4.74796e-13
447 0.447 9.9554 0.001 0 0 9.9555 4.74796e-13
448 0.448 9.9553 0.001 0 0 9.9554 4.74796e-13
449 0.449 9.9552 0.001 0 0 9.9553 4.77308e-13
450 0.45 9.9551 0.001 0 0 9.9552 4.77308e-13
451 0.451 9.955 0.001 0 0 9.9551 4.74796e-13
452 0.452 9.9549 0.001 0 0 9.955 4.77308e-13
453 0.453 9.9548 0.001 0 0 9.9549 4.77308e-13
454 0.454 9.9547 0.001 0 0 9.9548 4.7982e-13
455 0.455 9.9546 0.001 0 0 9.9547 4.7982e-13
456 0.456 9.9545 0.001 0 0 9.9546 4.82332e-13
457 0.457 9.9544 0.001 0 0 9.9545 4.82332e-13
458 0.458 9.9543 0.001 0 0 9.9544 4.82332e-13
459 0.459 9.95421 0.001 0 0 9.9543 4.82332e-13
460 0.46 9.95411 0.001 0 0 9.95421 4.82332e-13
461 0.461 9.95401 0.001 0 0 9.95411 4.84845e-13
462 0.462 9.95391 0.001 0 0 9.95401 4.87357e-13
463 0.463 9.95381 0.001 0 0 9.95391 4.89869e-13
464 0.464 9.95371 0.001 0 0 9.95381 4.89869e-13
465 0.465 9.95361 0.001 0 0 9.95371 4.89869e-13
466 0.466 9.95351 0.001 0 0 9.95361 4.89869e-13
467 0.467 9.95341 0.001 0 0 9.95351 4.89869e-13
468 0.468 9.95331 0.001 0 0 9.95341 4.94893e-13
469 0.469 9.95321 0.001 0 0 9.95331 4.94893e-13
470 0.47 9.95311 0.001 0 0 9.95321 4.97405e-13
471 0.471 9.95301 0.001 0 0 9.95311 4.99917e-13
472 0.472 9.95291 0.001 0 0 9.95301 5.0243e-13
473 0.473 9.95281 0.001 0 0 9.95291 5.0243e-13
474 0.474 9.95271 0.001 0 0 9.95281 5.04942e-13
475 0.475 9.95261 0.001 0 0 9.95271 5.04942e-13
476 0.476 9.95251 0.001 0 0 9.95261 5.04942e-13
477 0.477 9.95241 0.001 0 0 9.95251 5.04942e-13
478 0.478 9.95231 0.001 0 0 9.95241 5.07454e-13
479 0.479 9.95221 0.001 0 0 9.95231 5.07454e-13
480 0.48 9.95212 0.001 0 0 9.95221 5.07454e-13
481 0.481 9.95202 0.001 0 0 9.95212 5.09966e-13
482 0.482 9.95192 0.001 0 0 9.95202 5.09966e-13
483 0.483 9.95182 0.001 0 0 9.95192 5.12478e-13
484 0.484 9.95172 0.001 0 0 9.95182 5.12478e-13
485 0.485 9.95162 0.001 0 0 9.95172 5.17502e-13
486 0.486 9.95152 0.001 0 0 9.95162 5.17502e-13
487 0.487 9.95142 0.001 0 0 9.95152 5.17502e-13
488 0.488 9.95132 0.001 0 0 9.95142 5.20015e-13
489 0.489 9.95122 0.001 0 0 9.95132 5.22527e-13
490 0.49 9.95112 0.001 0 0 9.95122 5.22527e-13
491 0.491 9.95102 0.001 0 0 9.95112 5.22527e-13
492 0.492 9.95092 0.001 0 0 9.95102 5.22527e-13
493 0.493 9.95082 0.001 0 0 9.95092 5.22527e-13
494 0.494 9.95072 0.001 0 0 9.95082 5.22527e-13
495 0.495 9.95062 0.001 0 0 9.95072 5.25039e-13
496 0.496 9.95052 0.001 0 0 9.95062 5.25039e-13
497 0.497 9.95042 0.001 0 0 9.95052 5.27551e-13
498 0.498 9.95032 0.001 0 0 9.95042 5.27551e-13
499 0.499 9.95022 0.001 0 0 9.95032 5.27551e-13
500 0.5 9.95012 0.001 0 0 9.95022 5.30063e-13
501 0.501 9.95003 0.001 0 0 9.95012 5.30063e-13
502 0.502 9.94993 0.001 0 0 9.95003 5.32575e-13
503 0.503 9.94983 0.001 0 0 9.94993 5.32575e-13
504 0.504 9.94973 0.001 0 0 9.94983 5.32575e-13
505 0.505 9.94963 0.001 0 0 9.94973 5.35088e-13
506 0.506 9.94953 0.001 0 0 9.94963 5.376e-13
507 0.507 9.94943 0.001 0 0 9.94953 5.376e-13
508 0.508 9.94933 0.001 0 0 9.94943 5.40112e-13
509 0.509 9.94923 0.001 0 0 9.94933 5.40112e-13
510 0.51 9.94913 0.001 0 0 9.94923 5.42624e-13
511 0.511 9.94903 0.001 0 0 9.94913 5.42624e-13
512 0.512 9.94893 0.001 0 0 9.94903 5.45136e-13
513 0.513 9.94883 0.001 0 0 9.94893 5.47648e-13
514 0.514 9.94873 0.001 0 0 9.94883 5.47648e-13
515 0.515 9.94863 0.001 0 0 9.94873 5.47648e-13
516 0.516 9.94853 0.001 0 0 9.94863 5.5016e-13
517 0.517 9.94843 0.001 0 0 9.94853 5.52673e-13
518 0.518 9.94833 0.001 0 0 9.94843 5.55185e-13
519 0.519 9.94823 0.001 0 0 9.94833 5.55185e-13
520 0.52 9.94813 0.001 0 0 9.94823 5.57697e-13
521 0.521 9.94804 0.001 0 0 9.94813 5.57697e-13
522 0.522 9.94794 0.001 0 0 9.94804 5.57697e-13
523 0.523 9.94784 0.001 0 0 9.94794 5.57697e-13
524 0.524 9.94774 0.001 0 0 9.94784 5.60209e-13
525 0.525 9.94764 0.001 0 0 9.94774 5.62721e-13
526 0.526 9.94754 0.001 0 0 9.94764 5.60209e-13
527 0.527 9.94744 0.001 0 0 9.94754 5.62721e-13
528 0.528 9.94734 0.001 0 0 9.94744 5.65233e-13
529 0.529 9.94724 0.001 0 0 9.94734 5.67745e-13
530 0.53 9.94714 0.001 0 0 9.94724 5.67745e-13
531 0.531 9.94704 0.001 0 0 9.94714 5.70258e-13
532 0.532 9.94694 0.001 0 0 9.94704 5.70258e-13
533 0.533 9.94684 0.001 0 0 9.94694 5.70258e-13
534 0.534 9.94674 0.001 0 0 9.94684 5.7277e-13
535 0.535 9.94664 0.001 0 0 9.94674 5.75282e-13
536 0.536 9.94654 0.001 0 0 9.94664 5.75282e-13
537 0.537 9.94644 0.001 0 0 9.94654 5.75282e-13
538 0.538 9.94634 0.001 0 0 9.94644 5.7277e-13
539 0.539 9.94624 0.001 0 0 9.94634 5.75282e-13
540 0.54 9.94615 0.001 0 0 9.94624 5.77794e-13
541 0.541 9.94605 0.001 0 0 9.94615 5.77794e-13
542 0.542 9.94595 0.001 0 0 9.94605 5.77794e-13
543 0.543 9.94585 0.001 0 0 9.94595 5.80306e-13
544 0.544 9.94575 0.001 0 0 9.94585 5.80306e-13
545 0.545 9.94565 0.001 0 0 9.94575 5.80306e-13
546 0.546 9.94555 0.001 0 0 9.94565 5.80306e-13
547 0.547 9.94545 0.001 0 0 9.94555 5.82818e-13
548 0.548 9.94535 0.001 0 0 9.94545 5.80306e-13
549 0.549 9.94525 0.001 0 0 9.94535 5.82818e-13
550 0.55 9.94515 0.001 0 0 9.94525 5.82818e-13
551 0.551 9.94505 0.001 0 0 9.94515 5.8533e-13
552 0.552 9.94495 0.001 0 0 9.94505 5.8533e-13
553 0.553 9.94485 0.001 0 0 9.94495 5.8533e-13
554 0.554 9.94475 0.001 0 0 9.94485 5.8533e-13
555 0.555 9.94465 0.001 0 0 9.94475 5.87843e-13
556 0.556 9.94455 0.001 0 0 9.94465 5.87843e-13
557 0.557 9.94445 0.001 0 0 9.94455 5.90355e-13
558 0.558 9.94436 0.001 0 0 9.94445 5.90355e-13
559 0.559 9.94426 0.001 0 0 9.94436 5.92867e-13
560 0.56 9.94416 0.001 0 0 9.94426 5.92867e-13
561 0.561 9.94406 0.001 0 0 9.94416 5.95379e-13
562 0.562 9.94396 0.001 0 0 9.94406 5.97891e-13
563 0.563 9.94386 0.001 0 0 9.94396 5.97891e-13
564 0.564 9.94376 0.001 0 0 9.94386 6.00403e-13
565 0.565 9.94366 0.001 0 0 9.94376 6.02916e-13
566 0.566 9.94356 0.001 0 0 9.94366 6.02916e-13
567 0.567 9.94346 0.001 0 0 9.94356 6.02916e-13
568 0.568 9.94336 0.001 0 0 9.94346 6.02916e-13
569 0.569 9.94326 0.001 0 0 9.94336 6.05428e-13
570 0.57 9.94316 0.001 0 0 9.94326 6.05428e-13
571 0.571 9.94306 0.001 0 0 9.94316 6.05428e-13
572 0.572 9.94296 0.001 0 0 9.94306 6.0794e-13
573 0.573 9.94286 0.001 0 0 9.94296 6.0794e-13
574 0.574 9.94276 0.001 0 0 9.94286 6.0794e-13
575 0.575 9.94266 0.001 0 0 9.94276 6.10452e-13
576 0.576 9.94257 0.001 0 0 9.94266 6.12964e-13
577 0.577 9.94247 0.001 0 0 9.94257 6.12964e-13
578 0.578 9.94237 0.001 0 0 9.94247 6.15476e-13
579 0.579 9.94227 0.001 0 0 9.94237 6.17988e-13
580 0.58 9.94217 0.001 0 0 9.94227 6.15476e-13
581 0.581 9.94207 0.001 0 0 9.94217 6.20501e-13
582 0.582 9.94197 0.001 0 0 9.94207 6.20501e-13
583 0.583 9.94187 0.001 0 0 9.94197 6.23013e-13
584 0.584 9.94177 0.001 0 0 9.94187 6.23013e-13
585 0.585 9.94167 0.001 0 0 9.94177 6.23013e-13
586 0.586 9.94157 0.001 0 0 9.94167 6.23013e-13
587 0.587 9.94147 0.001 0 0 9.94157 6.25525e-13
588 0.588 9.94137 0.001 0 0 9.94147 6.28037e-13
589 0.589 9.94127 0.001 0 0 9.94137 6.28037e-13
590 0.59 9.94117 0.001 0 0 9.94127 6.30549e-13
591 0.591 9.94107 0.001 0 0 9.94117 6.30549e-13
592 0.592 9.94097 0.001 0 0 9.94107 6.30549e-13
593 0.593 9.94088 0.001 0 0 9.94097 6.30549e-13
594 0.594 9.94078 0.001 0 0 9.94088 6.30549e-13
595 0.595 9.94068 0.001 0 0 9.94078 6.33061e-13
596 0.596 9.94058 0.001 0 0 9.94068 6.35573e-13
597 0.597 9.94048 0.001 0 0 9.94058 6.35573e-13
598 0.598 9.94038 0.001 0 0 9.94048 6.38086e-13
599 0.599 9.94028 0.001 0 0 9.94038 6.38086e-13
600 0.6 9.94018 0.001 0 0 9.94028 6.38086e-13
601 0.601 9.94008 0.001 0 0 9.94018 6.38086e-13
602 0.602 9.93998 0.001 0 0 9.94008 6.40598e-13
603 0.603 9.93988 0.001 0 0 9.93998 6.4311e-13
604 0.604 9.93978 0.001 0 0 9.93988 6.45622e-13
605 0.605 9.93968 0.001 0 0 9.93978 6.45622e-13
606 0.606 9.93958 0.001 0 0 9.93968 6.45622e-13
607 0.607 9.93948 0.001 0 0 9.93958 6.48134e-13
608 0.608 9.93938 0.001 0 0 9.93948 6.50646e-13
609 0.609 9.93929 0.001 0 0 9.93938 6.50646e-13
610 0.61 9.93919 0.001 0 0 9.93929 6.53158e-13
611 0.611 9.93909 0.001 0 0 9.93919 6.53158e-13
612 0.612 9.93899 0.001 0 0 9.93909 6.55671e-13
613 0.613 9.93889 0.001 0 0 9.93899 6.55671e-13
614 0.614 9.93879 0.001 0 0 9.93889 6.55671e-13
615 0.615 9.93869 0.001 0 0 9.93879 6.58183e-13
616 0.616 9.93859 0.001 0 0 9.93869 6.58183e-13
617 0.617 9.93849 0.001 0 0 9.93859 6.58183e-13
618 0.618 9.93839 0.001 0 0 9.93849 6.60695e-13
619 0.619 9.93829 0.001 0 0 9.93839 6.60695e-13
620 0.62 9.93819 0.001 0 0 9.93829 6.63207e-13
621 0.621 9.93809 0.001 0 0 9.93819 6.65719e-13
622 0.622 9.93799 0.001 0 0 9.93809 6.65719e-13
623 0.623 9.93789 0.001 0 0 9.93799 6.65719e-13
624 0.624 9.93779 0.001 0 0 9.93789 6.65719e-13
625 0.625 9.93769 0.001 0 0 9.93779 6.68231e-13
626 0.626 9.9376 0.001 0 0 9.93769 6.68231e-13
627 0.627 9.9375 0.001 0 0 9.9376 6.68231e-13
628 0.628 9.9374 0.001 0 0 9.9375 6.70743e-13
629 0.629 9.9373 0.001 0 0 9.9374 6.73256e-13
630 0.63 9.9372 0.001 0 0 9.9373 6.73256e-13
631 0.631 9.9371 0.001 0 0 9.9372 6.75768e-13
632 0.632 9.937 0.001 0 0 9.9371 6.75768e-13
633 0.633 9.9369 0.001 0 0 9.937 6.75768e-13
634 0.634 9.9368 0.001 0 0 9.9369 6.75768e-13
635 0.635 9.9367 0.001 0 0 9.9368 6.75768e-13
636 0.636 9.9366 0.001 0 0 9.9367 6.75768e-13
637 0.637 9.9365 0.001 0 0 9.9366 6.7828e-13
638 0.638 9.9364 0.001 0 0 9.9365 6.80792e-13
639 0.639 9.9363 0.001 0 0 9.9364 6.80792e-13
640 0.64 9.9362 0.001 0 0 9.9363 6.7828e-13
641 0.641 9.93611 0.001 0 0 9.9362 6.7828e-13
642 0.642 9.93601 0.001 0 0 9.93611 6.80792e-13
643 0.643 9.93591 0.001 0 0 9.93601 6.83304e-13
644 0.644 9.93581 0.001 0 0 9.93591 6.83304e-13
645 0.645 9.93571 0.001 0 0 9.93581 6.85816e-13
646 0.646 9.93561 0.001 0 0 9.93571 6.85816e-13
647 0.647 9.93551 0.001 0 0 9.93561 6.85816e-13
648 0.648 9.93541 0.001 0 0 9.93551 6.88329e-13
649 0.649 9.93531 0.001 0 0 9.93541 6.90841e-13
650 0.65 9.93521 0.001 0 0 9.93531 6.90841e-13
651 0.651 9.93511 0.001 0 0 9.93521 6.90841e-13
652 0.652 9.93501 0.001 0 0 9.93511 6.93353e-13
653 0.653 9.93491 0.001 0 0 9.93501 6.93353e-13
654 0.654 9.93481 0.001 0 0 9.93491 6.95865e-13
655 0.655 9.93471 0.001 0 0 9.93481 6.93353e-13
656 0.656 9.93461 0.001 0 0 9.93471 6.95865e-13
657 0.657 9.93452 0.001 0 0 9.93461 6.95865e-13
658 0.658 9.93442 0.001 0 0 9.93452 6.95865e-13
659 0.659 9.93432 0.001 0 0 9.93442 6.98377e-13
660 0.66 9.93422 0.001 0 0 9.93432 7.00889e-13
661 0.661 9.93412 0.001 0 0 9.93422 7.00889e-13
662 0.662 9.93402 0.001 0 0 9.93412 7.03401e-13
663 0.663 9.93392 0.001 0 0 9.93402 7.03401e-13
664 0.664 9.93382 0.001 0 0 9.93392 7.05914e-13
665 0.665 9.93372 0.001 0 0 9.93382 7.03401e-13
666 0.666 9.93362 0.001 0 0 9.93372 7.05914e-13
667 0.667 9.93352 0.001 0 0 9.93362 7.05914e-13
668 0.668 9.93342 0.001 0 0 9.93352 7.08426e-13
669 0.669 9.93332 0.001 0 0 9.93342 7.08426e-13
670 0.67 9.93322 0.001 0 0 9.93332 7.08426e-13
671 0.671 9.93312 0.001 0 0 9.93322 7.08426e-13
672 0.672 9.93303 0.001 0 0 9.93312 7.08426e-13
673 0.673 9.93293 0.001 0 0 9.93303 7.08426e-13
674 0.674 9.93283 0.001 0 0 9.93293 7.08426e-13
675 0.675 9.93273 0.001 0 0 9.93283 7.10938e-13
676 0.676 9.93263 0.001 0 0 9.93273 7.10938e-13
677 0.677 9.93253 0.001 0 0 9.93263 7.10938e-13
678 0.678 9.93243 0.001 0 0 9.93253 7.1345e-13
679 0.679 9.93233 0.001 0 0 9.93243 7.1345e-13
680 0.68 9.93223 0.001 0 0 9.93233 7.1345e-13
681 0.681 9.93213 0.001 0 0 9.93223 7.15962e-13
682 0.682 9.93203 0.001 0 0 9.93213 7.15962e-13
683 0.683 9.93193 0.001 0 0 9.93203 7.18474e-13
684 0.684 9.93183 0.001 0 0 9.93193 7.18474e-13
685 0.685 9.93173 0.001 0 0 9.93183 7.20986e-13
686 0.686 9.93163 0.001 0 0 9.93173 7.20986e-13
687 0.687 9.93154 0.001 0 0 9.93163 7.23499e-13
688 0.688 9.93144 0.001 0 0 9.93154 7.23499e-13
689 0.689 9.93134 0.001 0 0 9.93144 7.23499e-13
690 0.69 9.93124 0.001 0 0 9.93134 7.26011e-13
691 0.691 9.93114 0.001 0 0 9.93124 7.28523e-13
692 0.692 9.93104 0.001 0 0 9.93114 7.28523e-13
693 0.693 9.93094 0.001 0 0 9.93104 7.28523e-13
694 0.694 9.93084 0.001 0 0 9.93094 7.28523e-13
695 0.695 9.93074 0.001 0 0 9.93084 7.31035e-13
696 0.696 9.93064 0.001 0 0 9.93074 7.31035e-13
697 0.697 9.93054 0.001 0 0 9.93064 7.33547e-13
698 0.698 9.93044 0.001 0 0 9.93054 7.36059e-13
699 0.699 9.93034 0.001 0 0 9.93044 7.33547e-13
700 0.7 9.93024 0.001 0 0 9.93034 7.36059e-13
701 0.701 9.93015 0.001 0 0 9.93024 7.38571e-13
702 0.702 9.93005 0.001 0 0 9.93015 7.38571e-13
703 0.703 9.92995 0.001 0 0 9.93005 7.38571e-13
704 0.704 9.92985 0.001 0 0 9.92995 7.41084e-13
705 0.705 9.92975 0.001 0 0 9.92985 7.43596e-13
706 0.706 9.92965 0.001 0 0 9.92975 7.43596e-13
707 0.707 9.92955 0.001 0 0 9.92965 7.46108e-13
708 0.708 9.92945 0.001 0 0 9.92955 7.46108e-13
709 0.709 9.92935 0.001 0 0 9.92945 7.43596e-13
710 0.71 9.92925 0.001 0 0 9.92935 7.46108e-13
711 0.711 9.92915 0.001 0 0 9.92925 7.46108e-13
712 0.712 9.92905 0.001 0 0 9.92915 7.46108e-13
713 0.713 9.92895 0.001 0 0 9.92905 7.4862e-13
714 0.714 9.92885 0.001 0 0 9.92895 7.51132e-13
715 0.715 9.92876 0.001 0 0 9.92885 7.51132e-13
716 0.716 9.92866 0.001 0 0 9.92876 7.51132e-13
717 0.717 9.92856 0.001 0 0 9.92866 7.51132e-13
718 0.718 9.92846 0.001 0 0 9.92856 7.53644e-13
719 0.719 9.92836 0.001 0 0 9.92846 7.56157e-13
720 0.72 9.92826 0.001 0 0 9.92836 7.56157e-13
721 0.721 9.92816 0.001 0 0 9.92826 7.58669e-13
722 0.722 9.92806 0.001 0 0 9.92816 7.58669e-13
723 0.723 9.92796 0.001 0 0 9.92806 7.58669e-13
724 0.724 9.92786 0.001 0 0 9.92796 7.61181e-13
725 0.725 9.92776 0.001 0 0 9.92786 7.61181e-13
726 0.726 9.92766 0.001 0 0 9.92776 7.63693e-13
727 0.727 9.92756 0.001 0 0 9.92766 7.61181e-13
728 0.728 9.92746 0.001 0 0 9.92756 7.63693e-13
729 0.729 9.92737 0.001 0 0 9.92746 7.66205e-13
730 0.73 9.92727 0.001 0 0 9.92737 7.68717e-13
731 0.731 9.92717 0.001 0 0 9.92727 7.68717e-13
732 0.732 9.92707 0.001 0 0 9.92717 7.71229e-13
733 0.733 9.92697 0.001 0 0 9.92707 7.73742e-13
734 0.734 9.92687 0.001 0 0 9.92697 7.73742e-13
735 0.735 9.92677 0.001 0 0 9.92687 7.73742e-13
736 0.736 9.92667 0.001 0 0 9.92677 7.76254e-13
737 0.737 9.92657 0.001 0 0 9.92667 7.78766e-13
738 0.738 9.92647 0.001 0 0 9.92657 7.78766e-13
739 0.739 9.92637 0.001 0 0 9.92647 7.78766e-13
740 0.74 9.92627 0.001 0 0 9.92637 7.81278e-13
741 0.741 9.92617 0.001 0 0 9.92627 7.81278e-13
742 0.742 9.92607 0.001 0 0 9.92617 7.81278e-13
743 0.743 9.92598 0.001 0 0 9.92607 7.8379e-13
744 0.744 9.92588 0.001 0 0 9.92598 7.81278e-13
745 0.745 9.92578 0.001 0 0 9.92588 7.8379e-13
746 0.746 9.92568 0.001 0 0 9.92578 7.86302e-13
747 0.747 9.92558 0.001 0 0 9.92568 7.8379e-13
748 0.748 9.92548 0.001 0 0 9.92558 7.86302e-13
749 0.749 9.92538 0.001 0 0 9.92548 7.86302e-13
750 0.75 9.92528 0.001 0 0 9.92538 7.86302e-13
751 0.751 9.92518 0.001 0 0 9.92528 7.88814e-13
752 0.752 9.92508 0.001 0 0 9.92518 7.88814e-13
753 0.753 9.92498 0.001 0 0 9.92508 7.88814e-13
754 0.754 9.92488 0.001 0 0 9.92498 7.88814e-13
755 0.755 9.92478 0.001 0 0 9.92488 7.88814e-13
756 0.756 9.92469 0.001 0 0 9.92478 7.91327e-13
757 0.757 9.92459 0.001 0 0 9.92469 7.91327e-13
758 0.758 9.92449 0.001 0 0 9.92459 7.91327e-13
759 0.759 9.92439 0.001 0 0 9.92449 7.93839e-13
760 0.76 9.92429 0.001 0 0 9.92439 7.96351e-13
761 0.761 9.92419 0.001 0 0 9.92429 7.96351e-13
762 0.762 9.92409 0.001 0 0 9.92419 7.98863e-13
763 0.763 9.92399 0.001 0 0 9.92409 7.98863e-13
764 0.764 9.92389 0.001 0 0 9.92399 7.98863e-13
765 0.765 9.92379 0.001 0 0 9.92389 8.01375e-13
766 0.766 9.92369 0.001 0 0 9.92379 8.01375e-13
767 0.767 9.92359 0.001 0 0 9.92369 8.03887e-13
768 0.768 9.92349 0.001 0 0 9.92359 8.06399e-13
769 0.769 9.92339 0.001 0 0 9.92349 8.06399e-13
770 0.77 9.9233 0.001 0 0 9.92339 8.08912e-13
771 0.771 9.9232 0.001 0 0 9.9233 8.08912e-13
772 0.772 9.9231 0.001 0 0 9.9232 8.08912e-13
773 0.773 9.923 0.001 0 0 9.9231 8.08912e-13
774 0.774 9.9229 0.001 0 0 9.923 8.11424e-13
775 0.775 9.9228 0.001 0 0 9.9229 8.11424e-13
776 0.776 9.9227 0.001 0 0 9.9228 8.13936e-13
777 0.777 9.9226 0.001 0 0 9.9227 8.13936e-13
778 0.778 9.9225 0.001 0 0 9.9226 8.16448e-13
779 0.779 9.9224 0.001 0 0 9.9225 8.16448e-13
780 0.78 9.9223 0.001 0 0 9.9224 8.16448e-13
781 0.781 9.9222 0.001 0 0 9.9223 8.1896e-13
782 0.782 9.9221 0.001 0 0 9.9222 8.1896e-13
783 0.783 9.92201 0.001 0 0 9.9221 8.21472e-13
784 0.784 9.92191 0.001 0 0 9.92201 8.21472e-13
785 0.785 9.92181 0.001 0 0 9.92191 8.23985e-13
786 0.786 9.92171 0.001 0 0 9.92181 8.23985e-13
787 0.787 9.92161 0.001 0 0 9.92171 8.26497e-13
788 0.788 9.92151 0.001 0 0 9.92161 8.29009e-13
789 0.789 9.92141 0.001 0 0 9.92151 8.29009e-13
790 0.79 9.92131 0.001 0 0 9.92141 8.31521e-13
791 0.791 9.92121 0.001 0 0 9.92131 8.31521e-13
792 0.792 9.92111 0.001 0 0 9.92121 8.34033e-13
793 0.793 9.92101 0.001 0 0 9.92111 8.34033e-13
794 0.794 9.92091 0.001 0 0 9.92101 8.34033e-13
795 0.795 9.92082 0.001 0 0 9.92091 8.36545e-13
796 0.796 9.92072 0.001 0 0 9.92082 8.39057e-13
797 0.797 9.92062 0.001 0 0 9.92072 8.36545e-13
798 0.798 9.92052 0.001 0 0 9.92062 8.39057e-13
799 0.799 9.92042 0.001 0 0 9.92052 8.39057e-13
800 0.8 9.92032 0.001 0 0 9.92042 8.44082e-13
801 0.801 9.92022 0.001 0 0 9.92032 8.44082e-13
802 0.802 9.92012 0.001 0 0 9.92022 8.46594e-13
803 0.803 9.92002 0.001 0 0 9.92012 8.46594e-13
804 0.804 9.91992 0.001 0 0 9.92002 8.46594e-13
805 0.805 9.91982 0.001 0 0 9.91992 8.49106e-13
806 0.806 9.91972 0.001 0 0 9.91982 8.49106e-13
807 0.807 9.91962 0.001 0 0 9.91972 8.49106e-13
808 0.808 9.91953 0.001 0 0 9.91962 8.51618e-13
809 0.809 9.91943 0.001 0 0 9.91953 8.5413e-13
810 0.81 9.91933 0.001 0 0 9.91943 8.5413e-13
811 0.811 9.91923 0.001 0 0 9.91933 8.5413e-13
812 0.812 9.91913 0.001 0 0 9.91923 8.5413e-13
813 0.813 9.91903 0.001 0 0 9.91913 8.5413e-13
814 0.814 9.91893 0.001 0 0 9.91903 8.56642e-13
815 0.815 9.91883 0.001 0 0 9.91893 8.56642e-13
816 0.816 9.91873 0.001 0 0 9.91883 8.56642e-13
817 0.817 9.91863 0.001 0 0 9.91873 8.59155e-13
818 0.818 9.91853 0.001 0 0 9.91863 8.61667e-13
819 0.819 9.91843 0.001 0 0 9.91853 8.61667e-13
820 0.82 9.91834 0.001 0 0 9.91843 8.61667e-13
821 0.821 9.91824 0.001 0 0 9.91834 8.64179e-13
822 0.822 9.91814 0.001 0 0 9.91824 8.66691e-13
823 0.823 9.91804 0.001 0 0 9.91814 8.69203e-13
824 0.824 9.91794 0.001 0 0 9.91804 8.69203e-13
825 0.825 9.91784 0.001 0 0 9.91794 8.71715e-13
826 0.826 9.91774 0.001 0 0 9.91784 8.69203e-13
827 0.827 9.91764 0.001 0 0 9.91774 8.69203e-13
828 0.828 9.91754 0.001 0 0 9.91764 8.71715e-13
829 0.829 9.91744 0.001 0 0 9.91754 8.71715e-13
830 0.83 9.91734 0.001 0 0 9.91744 8.71715e-13
831 0.831 9.91724 0.001 0 0 9.91734 8.74227e-13
832 0.832 9.91715 0.001 0 0 9.91724 8.74227e-13
833 0.833 9.91705 0.001 0 0 9.91715 8.7674e-13
834 0.834 9.91695 0.001 0 0 9.91705 8.74227e-13
835 0.835 9.91685 0.001 0 0 9.91695 8.74227e-13
836 0.836 9.91675 0.001 0 0 9.91685 8.7674e-13
837 0.837 9.91665 0.001 0 0 9.91675 8.7674e-13
838 0.838 9.91655 0.001 0 0 9.91665 8.7674e-13
839 0.839 9.91645 0.001 0 0 9.91655 8.79252e-13
840 0.84 9.91635 0.001 0 0 9.91645 8.81764e-13
841 0.841 9.91625 0.001 0 0 9.91635 8.81764e-13
842 0.842 9.91615 0.001 0 0 9.91625 8.81764e-13
843 0.843 9.91605 0.001 0 0 9.91615 8.84276e-13
844 0.844 9.91596 0.001 0 0 9.91605 8.84276e-13
845 0.845 9.91586 0.001 0 0 9.91596 8.86788e-13
846 0.846 9.91576 0.001 0 0 9.91586 8.86788e-13
847 0.847 9.91566 0.001 0 0 9.91576 8.893e-13
848 0.848 9.91556 0.001 0 0 9.91566 8.893e-13
849 0.849 9.91546 0.001 0 0 9.91556 8.893e-13
850 0.85 9.91536 0.001 0 0 9.91546 8.86788e-13
851 0.851 9.91526 0.001 0 0 9.91536 8.893e-13
852 0.852 9.91516 0.001 0 0 9.91526 8.893e-13
853 0.853 9.91506 0.001 0 0 9.91516 8.893e-13
854 0.854 9.91496 0.001 0 0 9.91506 8.893e-13
855 0.855 9.91486 0.001 0 0 9.91496 8.94325e-13
856 0.856 9.91477 0.001 0 0 9.91486 8.96837e-13
857 0.857 9.91467 0.001 0 0 9.91477 8.96837e-13
858 0.858 9.91457 0.001 0 0 9.91467 8.99349e-13
859 0.859 9.91447 0.001 0 0 9.91457 8.96837e-13
860 0.86 9.91437 0.001 0 0 9.91447 8.99349e-13
861 0.861 9.91427 0.001 0 0 9.91437 8.99349e-13
862 0.862 9.91417 0.001 0 0 9.91427 8.99349e-13
863 0.863 9.91407 0.001 0 0 9.91417 9.01861e-13
864 0.864 9.91397 0.001 0 0 9.91407 9.04373e-13
865 0.865 9.91387 0.001 0 0 9.91397 9.01861e-13
866 0.866 9.91377 0.001 0 0 9.91387 9.04373e-13
867 0.867 9.91367 0.001 0 0 9.91377 9.04373e-13
868 0.868 9.91358 0.001 0 0 9.91367 9.06885e-13
869 0.869 9.91348 0.001 0 0 9.91358 9.09398e-13
870 0.87 9.91338 0.001 0 0 9.91348 9.09398e-13
871 0.871 9.91328 0.001 0 0 9.91338 9.1191e-13
872 0.872 9.91318 0.001 0 0 9.91328 9.09398e-13
873 0.873 9.91308 0.001 0 0 9.91318 9.14422e-13
874 0.874 9.91298 0.001 0 0 9.91308 9.14422e-13
875 0.875 9.91288 0.001 0 0 9.91298 9.16934e-13
876 0.876 9.91278 0.001 0 0 9.91288 9.19446e-13
877 0.877 9.91268 0.001 0 0 9.91278 9.16934e-13
878 0.878 9.91258 0.001 0 0 9.91268 9.19446e-13
879 0.879 9.91249 0.001 0 0 9.91258 9.19446e-13
880 0.88 9.91239 0.001 0 0 9.91249 9.21958e-13
881 0.881 9.91229 0.001 0 0 9.91239 9.21958e-13
882 0.882 9.91219 0.001 0 0 9.91229 9.2447e-13
883 0.883 9.91209 0.001 0 0 9.91219 9.2447e-13
884 0.884 9.91199 0.001 0 0 9.91209 9.2447e-13
885 0.885 9.91189 0.001 0 0 9.91199 9.26983e-13
886 0.886 9.91179 0.001 0 0 9.91189 9.26983e-13
887 0.887 9.91169 0.001 0 0 9.91179 9.29495e-13
888 0.888 9.91159 0.001 0 0 9.91169 9.29495e-13
889 0.889 9.91149 0.001 0 0 9.91159 9.32007e-13
890 0.89 9.91139 0.001 0 0 9.91149 9.32007e-13
891 0.891 9.9113 0.001 0 0 9.91139 9.34519e-13
892 0.892 9.9112 0.001 0 0 9.9113 9.34519e-13
893 0.893 9.9111 0.001 0 0 9.9112 9.34519e-13
894 0.894 9.911 0.001 0 0 9.9111 9.34519e-13
895 0.895 9.9109 0.001 0 0 9.911 9.34519e-13
896 0.896 9.9108 0.001 0 0 9.9109 9.37031e-13
897 0.897 9.9107 0.001 0 0 9.9108 9.39543e-13
898 0.898 9.9106 0.001 0 0 9.9107 9.39543e-13
899 0.899 9.9105 0.001 0 0 9.9106 9.39543e-13
900 0.9 9.9104 0.001 0 0 9.9105 9.42055e-13
901 0.901 9.9103 0.001 0 0 9.9104 9.39543e-13
902 0.902 9.91021 0.001 0 0 9.9103 9.42055e-13
903 0.903 9.91011 0.001 0 0 9.91021 9.44568e-13
904 0.904 9.91001 0.001 0 0 9.91011 9.42055e-13
905 0.905 9.90991 0.001 0 0 9.91001 9.42055e-13
906 0.906 9.90981 0.001 0 0 9.90991 9.4708e-13
907 0.907 9.90971 0.001 0 0 9.90981 9.4708e-13
908 0.908 9.90961 0.001 0 0 9.90971 9.49592e-13
909 0.909 9.90951 0.001 0 0 9.90961 9.49592e-13
910 0.91 9.90941 0.001 0 0 9.90951 9.49592e-13
911 0.911 9.90931 0.001 0 0 9.90941 9.52104e-13
912 0.912 9.90921 0.001 0 0 9.90931 9.54616e-13
913 0.913 9.90912 0.001 0 0 9.90921 9.54616e-13
914 0.914 9.90902 0.001 0 0 9.90912 9.57128e-13
915 0.915 9.90892 0.001 0 0 9.90902 9.57128e-13
916 0.916 9.90882 0.001 0 0 9.90892 9.57128e-13
917 0.917 9.90872 0.001 0 0 9.90882 9.57128e-13
918 0.918 9.90862 0.001 0 0 9.90872 9.59641e-13
919 0.919 9.90852 0.001 0 0 9.90862 9.59641e-13
920 0.92 9.90842 0.001 0 0 9.90852 9.62153e-13
921 0.921 9.90832 0.001 0 0 9.90842 9.64665e-13
922 0.922 9.90822 0.001 0 0 9.90832 9.64665e-13
923 0.923 9.90812 0.001 0 0 9.90822 9.67177e-13
924 0.924 9.90803 0.001 0 0 9.90812 9.67177e-13
925 0.925 9.90793 0.001 0 0 9.90803 9.69689e-13
926 0.926 9.90783 0.001 0 0 9.90793 9.69689e-13
927 0.927 9.90773 0.001 0 0 9.90783 9.72201e-13
928 0.928 9.90763 0.001 0 0 9.90773 9.72201e-13
929 0.929 9.90753 0.001 0 0 9.90763 9.72201e-13
930 0.93 9.90743 0.001 0 0 9.90753 9.72201e-13
931 0.931 9.90733 0.001 0 0 9.90743 9.74713e-13
932 0.932 9.90723 0.001 0 0 9.90733 9.74713e-13
933 0.933 9.90713 0.001 0 0 9.90723 9.77226e-13
934 0.934 9.90703 0.001 0 0 9.90713 9.77226e-13
935 0.935 9.90694 0.001 0 0 9.90703 9.77226e-13
936 0.936 9.90684 0.001 0 0 9.90694 9.79738e-13
937 0.937 9.90674 0.001 0 0 9.90684 9.79738e-13
938 0.938 9.90664 0.001 0 0 9.90674 9.79738e-13
939 0.939 9.90654 0.001 0 0 9.90664 9.8225e-13
940 0.94 9.90644 0.001 0 0 9.90654 9.84762e-13
941 0.941 9.90634 0.001 0 0 9.90644 9.84762e-13
942 0.942 9.90624 0.001 0 0 9.90634 9.87274e-13
943 0.943 9.90614 0.001 0 0 9.90624 9.87274e-13
944 0.944 9.90604 0.001 0 0 9.90614 9.92298e-13
945 0.945 9.90595 0.001 0 0 9.90604 9.89786e-13
946 0.946 9.90585 0.001 0 0 9.90595 9.92298e-13
947 0.947 9.90575 0.001 0 0 9.90585 9.94811e-13
948 0.948 9.90565 0.001 0 0 9.90575 9.97323e-13
949 0.949 9.90555 0.001 0 0 9.90565 9.97323e-13
950 0.95 9.90545 0.001 0 0 9.90555 9.99835e-13
951 0.951 9.90535 0.001 0 0 9.90545 9.99835e-13
952 0.952 9.90525 0.001 0 0 9.90535 9.99835e-13
953 0.953 9.90515 0.001 0 0 9.90525 9.99835e-13
954 0.954 9.90505 0.001 0 0 9.90515 1.00486e-12
955 0.955 9.90495 0.001 0 0 9.90505 1.00486e-12
956 0.956 9.90486 0.001 0 0 9.90495 1.00486e-12
957 0.957 9.90476 0.001 0 0 9.90486 1.00486e-12
958 0.958 9.90466 0.001 0 0 9.90476 1.00737e-12
959 0.959 9.90456 0.001 0 0 9.90466 1.00737e-12
960 0.96 9.90446 0.001 0 0 9.90456 1.00737e-12
961 0.961 9.90436 0.001 0 0 9.90446 1.00988e-12
962 0.962 9.90426 0.001 0 0 9.90436 1.00988e-12
963 0.963 9.90416 0.001 0 0 9.90426 1.0124e-12
964 0.964 9.90406 0.001 0 0 9.90416 1.0124e-12
965 0.965 9.90396 0.001 0 0 9.90406 1.0124e-12
966 0.966 9.90387 0.001 0 0 9.90396 1.01742e-12
967 0.967 9.90377 0.001 0 0 9.90387 1.01742e-12
968 0.968 9.90367 0.001 0 0 9.90377 1.01993e-12
969 0.969 9.90357 0.001 0 0 9.90367 1.01993e-12
970 0.97 9.90347 0.001 0 0 9.90357 1.02244e-12
971 0.971 9.90337 0.001 0 0 9.90347 1.02244e-12
972 0.972 9.90327 0.001 0 0 9.90337 1.02244e-12
973 0.973 9.90317 0.001 0 0 9.90327 1.02244e-12
974 0.974 9.90307 0.001 0 0 9.90317 1.02496e-12
975 0.975 9.90297 0.001 0 0 9.90307 1.02496e-12
976 0.976 9.90287 0.001 0 0 9.90297 1.02496e-12
977 0.977 9.90278 0.001 0 0 9.90287 1.02496e-12
978 0.978 9.90268 0.001 0 0 9.90278 1.02747e-12
979 0.979 9.90258 0.001 0 0 9.90268 1.02747e-12
980 0.98 9.90248 0.001 0 0 9.90258 1.02496e-12
981 0.981 9.90238 0.001 0 0 9.90248 1.02747e-12
982 0.982 9.90228 0.001 0 0 9.90238 1.02998e-12
983 0.983 9.90218 0.001 0 0 9.90228 1.02998e-12
984 0.984 9.90208 0.001 0 0 9.90218 1.02998e-12
985 0.985 9.90198 0.001 0 0 9.90208 1.02998e-12
986 0.986 9.90188 0.001 0 0 9.90198 1.02998e-12
987 0.987 9.90179 0.001 0 0 9.90188 1.02998e-12
988 0.988 9.90169 0.001 0 0 9.90179 1.03249e-12
989 0.989 9.90159 0.001 0 0 9.90169 1.035e-12
990 0.99 9.90149 0.001 0 0 9.90159 1.035e-12
