0 0 7 0 0 0 0.01 0 0 7 0
7 0.00015625 7.43477 7.43415 0.000614482 0.00463471 0.00015625 6 0 7.43395 0.00115766
8 0.0003125 7.80652 7.806 0.000525426 0.00396301 0.00015625 6 0 7.80512 0.00198009
9 0.00046875 8.1244 8.12395 0.000449278 0.00338866 0.00015625 6 0 8.1226 0.00254008
10 0.000625 8.3962 8.39582 0.000384165 0.00289755 0.00015625 6 0 8.39415 0.0028964
11 0.00078125 8.62861 8.62828 0.000328489 0.00247762 0.00015625 6 0 8.62642 0.00309628
12 0.0009375 8.82734 8.82706 0.000280882 0.00211854 0.00015625 6 0 8.82509 0.00317756
13 0.00109375 8.99726 8.99702 0.000240174 0.00181151 0.00015625 6 0 8.99502 0.00317039
14 0.00140625 9.26821 9.26679 0.00142292 0.0107324 0.0003125 6 1 9.26468 0.00499359
15 0.00171875 9.46592 9.46488 0.00103835 0.00783173 0.0003125 6 1 9.46196 0.00560475
16 0.00203125 9.61019 9.60943 0.000757715 0.00571504 0.0003125 6 1 9.60628 0.00552449
17 0.00234375 9.71546 9.7149 0.000552927 0.00417044 0.0003125 6 1 9.71186 0.00508091
18 0.00265625 9.79227 9.79186 0.000403487 0.00304329 0.0003125 6 1 9.7891 0.00447554
19 0.00296875 9.84831 9.84801 0.000294437 0.00222078 0.0003125 6 1 9.8456 0.00382771
20 0.00328125 9.88919 9.88898 0.000214859 0.00162057 0.0003125 6 1 9.88693 0.00320419
21 0.00390625 9.94174 9.94078 0.000960712 0.00724614 0.000625 6 2 9.93926 0.00350432
22 0.00453125 9.96923 9.96873 0.00050323 0.0037956 0.000625 6 2 9.96725 0.00281295
23 0.00515625 9.98361 9.98334 0.000263597 0.00198817 0.000625 6 2 9.98219 0.00199659
24 0.00640625 9.9957 9.995 0.000692395 0.00522237 0.00125 6 3 9.99441 0.00182357
25 0.00765625 9.99839 9.99823 0.000159784 0.00120516 0.00125 6 3 9.99782 0.000811277
26 0.0101563 9.99908 9.99894 0.000138983 0.00104828 0.0025 6 4 9.99887 0.000297622
27 0.0151562 9.99844 9.99849 -4.14254e-05 0.00031245 0.005 6 5 9.99848 5.58339e-05
28 0.0251562 9.99751 9.99748 3.42393e-05 0.000258249 0.01 6 6 9.99748 3.79627e-05
29 0.0451562 9.99546 9.9955 -3.38935e-05 0.000255641 0.02 6 7 9.99549 3.10603e-05
30 0.0851562 9.99151 9.99147 3.45737e-05 0.000260772 0.04 6 8 9.99149 2.81022e-05
31 0.165156 9.98348 9.98351 -3.51688e-05 0.000265257 0.08 6 9 9.9835 2.67314e-05
32 0.325156 9.96756 9.96752 3.55355e-05 0.000268045 0.16 6 10 9.96754 2.60713e-05
33 0.645156 9.93567 9.93571 -3.57626e-05 0.000269585 0.32 6 11 9.93569 2.57475e-05
34 0.965156 9.90397 9.90393 3.5278e-05 0.000266236 0.32 7 12 9.90395 2.54278e-05
35 0.985156 9.90195 9.90198 -2.27021e-05 0.00017123 0.02 12 13 9.90197 2.08046e-05
36 0.995156 9.90099 9.90098 1.25093e-05 9.43511e-05 0.01 14 14 9.90098 1.38699e-05
37 0.997656 9.90073 9.90073 -1.61198e-06 1.21583e-05 0.0025 17 15 9.90073 1.54325e-06
38 0.998906 9.90061 9.90061 4.75187e-08 3.58409e-07 0.00125 19 16 9.90061 3.64949e-07
39 0.999531 9.90054 9.90054 2.18676e-09 1.64936e-08 0.000625 21 17 9.90054 2.03508e-07
