0 0 13 0 0 0 0.01 0 0 13 0
7 0.00015625 12.5652 12.5658 -0.000614482 0.00463471 0.00015625 6 0 12.566 0.00115766
8 0.0003125 12.1934 12.1939 -0.000525426 0.00396301 0.00015625 6 0 12.1948 0.00198009
9 0.00046875 11.8755 11.876 -0.000449278 0.00338866 0.00015625 6 0 11.8773 0.00254008
10 0.000625 11.6037 11.6041 -0.000384165 0.00289755 0.00015625 6 0 11.6057 0.0028964
11 0.00078125 11.3712 11.3716 -0.000328489 0.00247762 0.00015625 6 0 11.3734 0.00309628
12 0.0009375 11.1725 11.1728 -0.000280882 0.00211854 0.00015625 6 0 11.1747 0.00317756
13 0.00109375 11.0025 11.0028 -0.000240174 0.00181151 0.00015625 6 0 11.0048 0.00317039
14 0.00140625 10.7315 10.7329 -0.00142292 0.0107324 0.0003125 6 1 10.735 0.00499359
15 0.00171875 10.5337 10.5348 -0.00103835 0.00783173 0.0003125 6 1 10.5377 0.00560475
16 0.00203125 10.3894 10.3902 -0.000757715 0.00571504 0.0003125 6 1 10.3933 0.00552449
17 0.00234375 10.2841 10.2846 -0.000552927 0.00417044 0.0003125 6 1 10.2877 0.00508091
18 0.00265625 10.2072 10.2076 -0.000403487 0.00304329 0.0003125 6 1 10.2104 0.00447554
19 0.00296875 10.1511 10.1514 -0.000294437 0.00222078 0.0003125 6 1 10.1538 0.00382771
20 0.00328125 10.1101 10.1104 -0.000214859 0.00162057 0.0003125 6 1 10.1124 0.00320419
21 0.00390625 10.0575 10.0584 -0.000960712 0.00724614 0.000625 6 2 10.06 0.00350432
22 0.00453125 10.0299 10.0304 -0.00050323 0.0037956 0.000625 6 2 10.0318 0.00281295
23 0.00515625 10.0154 10.0156 -0.000263597 0.00198817 0.000625 6 2 10.0168 0.00199659
24 0.00640625 10.003 10.0037 -0.000692395 0.00522237 0.00125 6 3 10.0043 0.00182357
25 0.00765625 10.0001 10.0002 -0.000159784 0.00120516 0.00125 6 3 10.0007 0.000811277
26 0.0101563 9.99889 9.99903 -0.000138983 0.00104828 0.0025 6 4 9.9991 0.000297622
27 0.0151562 9.99852 9.99848 4.14254e-05 0.00031245 0.005 6 5 9.99849 5.58339e-05
28 0.0251562 9.99746 9.99749 -3.42393e-05 0.000258249 0.01 6 6 9.99748 3.79627e-05
29 0.0451562 9.99551 9.99547 3.38935e-05 0.000255641 0.02 6 7 9.99549 3.10603e-05
30 0.0851562 9.99147 9.9915 -3.45738e-05 0.000260772 0.04 6 8 9.99149 2.81022e-05
31 0.165156 9.98352 9.98348 3.51681e-05 0.000265257 0.08 6 9 9.9835 2.67314e-05
32 0.325156 9.96752 9.96755 -3.55406e-05 0.000268045 0.16 6 10 9.96754 2.60713e-05
33 0.645156 9.93571 9.93567 3.57219e-05 0.000269585 0.32 6 11 9.93569 2.57475e-05
34 0.965156 9.90393 9.90397 -3.53186e-05 0.000266236 0.32 7 12 9.90395 2.54278e-05
35 0.985156 9.90198 9.90196 2.27021e-05 0.00017123 0.02 12 13 9.90197 2.08046e-05
36 0.995156 9.90097 9.90098 -1.25093e-05 9.43511e-05 0.01 14 14 9.90098 1.38699e-05
37 0.997656 9.90073 9.90073 1.61198e-06 1.21583e-05 0.0025 17 15 9.90073 1.54325e-06
38 0.998906 9.90061 9.90061 -4.75187e-08 3.58409e-07 0.00125 19 16 9.90061 3.64949e-07
39 0.999531 9.90054 9.90054 -2.18676e-09 1.64936e-08 0.000625 21 17 9.90054 2.03508e-07
